,25th Aban (CO),Enghelab (CO),Farshadi (CO),Feiz (CO),Kave (CO),Kerd abad (CO),Mirza Taher (CO),Rehnan (CO),Sanati University (CO),Veldan (CO),25th Aban (O3),Farshadi (O3),25th Aban (NO),Farshadi (NO),Feiz (NO),Kerd abad (NO),Sanati University (NO),Veldan (NO),25th Aban (NO2),Farshadi (NO2),Feiz (NO2),Kerd abad (NO2),Sanati University (NO2),Veldan (NO2),25th Aban (SO2),Enghelab (SO2),Farshadi (SO2),Feiz (SO2),Kave (SO2),Kerd abad (SO2),Mirza Taher (SO2),Rehnan (SO2),Sanati University (SO2),Veldan (SO2),Zamzam Park (PM10),Zeynabiye (PM10),25th Aban (PM2.5),Enghelab (PM2.5),Farshadi (PM2.5),Feiz (PM2.5),Kave (PM2.5),Kerd abad (PM2.5),Mirza Taher (PM2.5),Rehnan (PM2.5),Sanati University (PM2.5),SepahanShahr (PM2.5),Veldan (PM2.5),Zamzam Park (PM2.5),Zeynabiye (PM2.5)
25th Aban (CO),0,0.406574212,0.538758788,0.582573735,0.179308221,0.364519081,0.299589741,0.482669789,0.230232971,0.510074679,-0.433520729,-0.388632723,0.606164196,0.324506888,0.266797136,0.301308107,0.04286704,0.266563772,0.335351435,0.401967145,0.336703992,0.29007323,0.124503093,0.296408375,0.216825552,0.064196723,0.136544514,0.00043265,0.020248563,-0.093711932,-0.158190519,0.014656258,0.084537802,-0.0306753,0.314408036,0.373748791,0.382204366,0.256765332,0.299975782,0.264607743,0.27815167,0.285800925,0.19477286,0.259288364,0.148795389,0.140549426,0.306419743,0.141716773,0.214553207
Enghelab (CO),0.406574212,0,0.436335,0.427172132,0.369386908,0.306479387,0.430329074,0.513501986,0.101903431,0.415420073,-0.289928768,-0.430155551,0.342748689,0.271541745,0.326271378,0.197909468,-0.014077841,0.255264728,0.226218698,0.261010089,0.275674476,0.171529717,0.153833742,0.244488818,0.181625346,0.32854192,0.198057899,0.156913372,0.266533468,0.334617187,0.038590384,0.261789355,0.170297743,-0.031875824,0.163501693,0.162995007,0.134129266,0.053841209,0.143932761,0.123155983,0.087494163,0.08695967,0.041149451,0.038358169,0.062302457,0.04376363,0.174672809,0.164999406,0.137901605
Farshadi (CO),0.538758788,0.436335,0,0.819545986,0.207023215,0.693376172,0.414831673,0.386579448,0.519040277,0.80792838,-0.576003639,-0.783604185,0.479404764,0.63590781,0.647603941,0.599505917,0.334269969,0.572513366,0.34594453,0.586618792,0.558016236,0.498957413,0.406711395,0.588205475,0.275516318,0.129384352,0.159123374,0.069662771,0.217387106,0.032999912,-0.00231929,0.16363932,0.309784928,0.203346313,0.30885636,0.345382854,0.440850655,0.349293283,0.433926807,0.413395862,0.376667144,0.433095245,0.294036976,0.354938147,0.332773954,0.328072324,0.45385846,0.451676374,0.470228968
Feiz (CO),0.582573735,0.427172132,0.819545986,0,0.11651242,0.659730334,0.482556417,0.468584253,0,0.798794514,-0.558467031,0,0.504371349,0.566718483,0.716831339,0.617382913,0.206862474,0.547744501,0.386770654,0.595198423,0.620532743,0.534754613,0.271348959,0.573761552,0.207014224,0.0516146,0.156281694,0.062886759,0.079795621,0.080175162,-0.076052967,0.178953444,0,0.223910757,0.298678228,0.34038082,0.464965272,0.408001468,0.454668116,0.499115022,0.427285418,0.497892961,0.288855821,0.378285355,0.154441801,0.263502456,0.436391057,0.335507579,0.391388218
Kave (CO),0.179308221,0.369386908,0.207023215,0.11651242,0,0.10103159,0.240302276,0.293264553,0.238806691,0.194592843,-0.129470626,-0.188297511,0.031444163,-0.011747481,0.108822441,-0.045856106,0.145403591,-0.012505765,-0.060951927,-0.038592463,0.016652327,-0.096069806,0.219675559,-0.022739165,0.150407739,0.201009681,0.236222112,0.296372398,0.368327441,-0.163016708,0.192334934,0.000558797,0.217377906,-0.114037301,-0.039158307,0.038919264,0.028523073,-0.099084171,0.012302801,0.014923433,0.023420395,0.006855731,-0.0548801,-0.109337549,0.062483199,0.047466693,0.076480841,0.084666204,0.079542955
Kerd abad (CO),0.364519081,0.306479387,0.693376172,0.659730334,0.10103159,0,0.378755227,0.318480788,0.439383334,0.624517346,-0.611457996,-0.673318904,0.443284751,0.621679944,0.625905711,0.75750478,0.278262624,0.565097267,0.310220958,0.38293859,0.45035361,0.456745692,0.343338973,0.422840163,0.321623674,0.121542661,0.259304013,0.246867171,0.239938038,0.400793343,0.187413259,0.195593192,0.355357229,0.143183046,0.366388389,0.351799898,0.366122896,0.288663252,0.404436961,0.429471482,0.30346688,0.512311029,0.289569762,0.316404579,0.286791925,0.327578263,0.421810746,0.462722164,0.466137596
Mirza Taher (CO),0.299589741,0.430329074,0.414831673,0.482556417,0.240302276,0.378755227,0,0.61208775,0.176604283,0.449486451,-0.411002287,-0.494844574,0.39448345,0.33762125,0.393383489,0.39012802,0.195912693,0.327948862,0.201300788,0.28696847,0.282281997,0.227076419,0.218524514,0.263778352,0.226793799,0.167045945,0.23310968,0.28276265,0.08524898,0.138441274,0.07792333,0.214827857,0.397774802,0.091314435,0.109086873,0.043765229,0.205875861,0.122838861,0.213022762,0.221466183,0.132284192,0.242766331,0.116390625,0.116471439,0.121195041,0.149116951,0.270117564,0.29142867,0.210629026
Rehnan (CO),0.482669789,0.513501986,0.386579448,0.468584253,0.293264553,0.318480788,0.61208775,0,0.114392257,0.47499474,-0.326873138,-0.271059558,0.413631328,0.275929822,0.279076947,0.24849737,0.012982526,0.303612635,0.17776773,0.300753351,0.251438192,0.228259293,0.157969771,0.272503287,0.157429976,0.168610964,0.167503518,0.138620223,0.114088212,0.001620241,-0.047673222,0.255843007,0.192807197,0.075063033,0.154772192,0.144544177,0.142927403,0.061583251,0.120559586,0.115515449,0.100895413,0.125378193,0.044583709,0.097543246,0.040460582,0.033959,0.179677692,0.13181276,0.094676289
Sanati University (CO),0.230232971,0.101903431,0.519040277,0,0.238806691,0.439383334,0.176604283,0.114392257,0,0.612983183,-0.30109468,-0.355971812,0.333865265,0.52141722,0.559675104,0.47896785,0.711171862,0.483455892,0.366424644,0.490993625,0.471359735,0.415426707,0.706345335,0.585555504,0.401691256,0.173453515,0.351694041,0,0.342516392,0,0.087778773,0.083654141,0.370107056,0.240940389,0.339902735,0.394406459,0.434260244,0.423315673,0.460520884,0.467518966,0.48373675,0.506379939,0.396742592,0.476075574,0.636778993,0.47985714,0.481006797,0.470478054,0.486043922
Veldan (CO),0.510074679,0.415420073,0.80792838,0.798794514,0.194592843,0.624517346,0.449486451,0.47499474,0.612983183,0,-0.555042932,-0.72537452,0.502396678,0.612629056,0.654755627,0.579831526,0.38033993,0.666936166,0.394923767,0.592757123,0.563078491,0.504449014,0.47567781,0.666865634,0.227260361,0.152732157,0.174380406,0.079221709,0.190716492,0.067584514,-0.043785449,0.2261889,0.411504837,0.293275981,0.339818284,0.349034543,0.42065836,0.353162399,0.415112713,0.404664058,0.420166777,0.431586036,0.289402414,0.403829725,0.382601429,0.359325827,0.476450783,0.501153668,0.477911332
25th Aban (O3),-0.433520729,-0.289928768,-0.576003639,-0.558467031,-0.129470626,-0.611457996,-0.411002287,-0.326873138,-0.30109468,-0.555042932,0,0.912767355,-0.619221713,-0.618428941,-0.588436282,-0.562174211,-0.158598131,-0.515105585,-0.333666577,-0.489360832,-0.409097476,-0.416584237,-0.209203709,-0.469265908,-0.307333059,-0.005514858,-0.151012402,-0.160464925,-0.059965393,-0.198857859,0.035968645,-0.036237227,-0.23730491,-0.065480665,-0.199156338,-0.197977855,-0.307665676,-0.136547894,-0.241253568,-0.252239749,-0.173224626,-0.312253617,-0.102968097,-0.185185506,-0.145094565,-0.169152714,-0.267340248,-0.383218443,-0.39128056
Farshadi (O3),-0.388632723,-0.430155551,-0.783604185,0,-0.188297511,-0.673318904,-0.494844574,-0.271059558,-0.355971812,-0.72537452,0.912767355,0,-0.627588863,-0.720285886,-0.667811819,-0.644910793,-0.106888879,-0.418761194,-0.396882499,-0.800629845,-0.582081603,-0.679346708,-0.139168534,-0.691894243,-0.328919757,0.051378517,-0.217734701,0,-0.027751447,0,0.310722576,0.029286908,-0.249257136,-0.064556254,-0.161012637,-0.207905251,-0.139570012,-0.067661947,-0.177968828,-0.170162228,-0.159614762,-0.275223684,-0.037475498,-0.179972222,-0.110550896,-0.147592545,-0.210157915,-0.414825621,-0.433542449
25th Aban (NO),0.606164196,0.342748689,0.479404764,0.504371349,0.031444163,0.443284751,0.39448345,0.413631328,0.333865265,0.502396678,-0.619221713,-0.627588863,0,0.657103963,0.536105888,0.562029924,0.224819327,0.544402816,0.532217956,0.57217154,0.420357865,0.47654592,0.143880106,0.474128871,0.36556339,0.104018571,0.250193411,0.136895771,-0.065037626,0.127077845,-0.101245835,0.139986065,0.188727071,0.196616207,0.196033653,0.222824772,0.300857292,0.228673167,0.237882998,0.225189297,0.199316174,0.280190984,0.151810438,0.243344595,0.148946493,0.157354247,0.234388898,0.265855384,0.266601735
Farshadi (NO),0.324506888,0.271541745,0.63590781,0.566718483,-0.011747481,0.621679944,0.33762125,0.275929822,0.52141722,0.612629056,-0.618428941,-0.720285886,0.657103963,0,0.75648715,0.749029327,0.398417246,0.785245566,0.364805867,0.55694101,0.43897264,0.489971585,0.406408072,0.562669276,0.332112368,0.201886549,0.161649848,0.128185795,0.162045622,0.239029778,0.063949211,0.271824302,0.365690881,0.320903422,0.359721583,0.37535737,0.373254576,0.340201357,0.420805843,0.394572901,0.344954577,0.436546726,0.29573551,0.405739091,0.373658306,0.365491223,0.368796712,0.493778876,0.490435325
Feiz (NO),0.266797136,0.326271378,0.647603941,0.716831339,0.108822441,0.625905711,0.393383489,0.279076947,0.559675104,0.654755627,-0.588436282,-0.667811819,0.536105888,0.75648715,0,0.687444371,0.377895458,0.735127855,0.373224726,0.521493553,0.547345716,0.431205809,0.429339199,0.587314112,0.32247673,0.160132298,0.218488765,0.242848334,0.213616813,0.303232657,0.115260272,0.21477044,0.361033008,0.251981682,0.325706668,0.32260834,0.338904864,0.294708048,0.369329109,0.418719772,0.367324998,0.428029645,0.278667765,0.34009717,0.359563669,0.362522032,0.379114127,0.506791706,0.482293634
Kerd abad (NO),0.301308107,0.197909468,0.599505917,0.617382913,-0.045856106,0.75750478,0.39012802,0.24849737,0.47896785,0.579831526,-0.562174211,-0.644910793,0.562029924,0.749029327,0.687444371,0,0.38900685,0.670433523,0.355382069,0.529589028,0.502405436,0.637994887,0.351371948,0.54537195,0.304784403,0.074449447,0.160830234,0.08267742,0.031476569,0.254494962,-0.017035745,0.205440171,0.379183339,0.267106305,0.348249294,0.338517955,0.352633047,0.331263717,0.400930602,0.402802371,0.299512096,0.517460948,0.274753093,0.343008045,0.334018165,0.361702003,0.375545279,0.505177708,0.502234841
Sanati University (NO),0.04286704,-0.014077841,0.334269969,0.206862474,0.145403591,0.278262624,0.195912693,0.012982526,0.711171862,0.38033993,-0.158598131,-0.106888879,0.224819327,0.398417246,0.377895458,0.38900685,0,0.395783359,0.217169794,0.299982584,0.312853124,0.275920179,0.72281999,0.362385406,0.317608777,0.169331415,0.30507237,0.008124833,0.218459411,0,0.226649925,0.072345218,0.299575399,0.252504126,0.271760588,0.303265856,0.350540055,0.384690459,0.366330694,0.370688467,0.345948519,0.407806793,0.300453322,0.354573345,0.442324427,0.356113616,0.372450818,0.322500232,0.351684927
Veldan (NO),0.266563772,0.255264728,0.572513366,0.547744501,-0.012505765,0.565097267,0.327948862,0.303612635,0.483455892,0.666936166,-0.515105585,-0.418761194,0.544402816,0.785245566,0.735127855,0.670433523,0.395783359,0,0.354396576,0.44441775,0.375008576,0.400401979,0.388830013,0.56006297,0.279876209,0.21145983,0.122902998,0.101517905,0.220117916,0.240405483,0.123133422,0.351385387,0.25691175,0.372371846,0.383509385,0.381001507,0.344848883,0.319572117,0.362168191,0.362972844,0.365168701,0.391947586,0.30809459,0.381370533,0.394261571,0.369332902,0.405348387,0.434473925,0.447656205
25th Aban (NO2),0.335351435,0.226218698,0.34594453,0.386770654,-0.060951927,0.310220958,0.201300788,0.17776773,0.366424644,0.394923767,-0.333666577,-0.396882499,0.532217956,0.364805867,0.373224726,0.355382069,0.217169794,0.354396576,0,0.613722147,0.519377605,0.492796697,0.237542232,0.570806341,0.154006177,0.094896449,0.133058381,-0.150502566,-0.058508122,0.256316627,-0.10613471,0.17259468,0.111066722,0.177845736,0.229198809,0.304157464,0.23134763,0.217068747,0.218008572,0.200028562,0.164356754,0.228046156,0.061860709,0.225436286,0.250939398,0.222175322,0.203950577,0.225747059,0.308820829
Farshadi (NO2),0.401967145,0.261010089,0.586618792,0.595198423,-0.038592463,0.38293859,0.28696847,0.300753351,0.490993625,0.592757123,-0.489360832,-0.800629845,0.57217154,0.55694101,0.521493553,0.529589028,0.299982584,0.44441775,0.613722147,0,0.727788933,0.803028722,0.386366534,0.835162643,0.152813058,0.077326991,-0.045787571,-0.251417988,-0.125802734,-0.313338064,-0.358732508,0.175000453,0.334600499,0.317388469,0.308731301,0.331867322,0.314099314,0.227738778,0.293590145,0.248985693,0.195379139,0.303514228,0.074722037,0.255142556,0.293517421,0.296753059,0.252848301,0.455451824,0.465618744
Feiz (NO2),0.336703992,0.275674476,0.558016236,0.620532743,0.016652327,0.45035361,0.282281997,0.251438192,0.471359735,0.563078491,-0.409097476,-0.582081603,0.420357865,0.43897264,0.547345716,0.502405436,0.312853124,0.375008576,0.519377605,0.727788933,0,0.660517404,0.436166098,0.727974358,0.145941102,0.066767107,0.094502816,-0.029545147,-0.037993065,0.003545168,-0.195829019,0.108264259,0.324287449,0.218652098,0.404057513,0.401528645,0.307764714,0.230291893,0.322071573,0.306893785,0.242728226,0.334681581,0.113059676,0.268907378,0.346201893,0.352845421,0.292035976,0.492097875,0.494761687
Kerd abad (NO2),0.29007323,0.171529717,0.498957413,0.534754613,-0.096069806,0.456745692,0.227076419,0.228259293,0.415426707,0.504449014,-0.416584237,-0.679346708,0.47654592,0.489971585,0.431205809,0.637994887,0.275920179,0.400401979,0.492796697,0.803028722,0.660517404,0,0.325166519,0.745157581,0.178946704,0.054147712,-0.029412333,-0.245420956,-0.185120966,-0.194091599,-0.34334699,0.189665556,0.360166536,0.330178442,0.295150145,0.287889931,0.26502553,0.211664939,0.269081175,0.231639104,0.140524451,0.322617924,0.078042211,0.248091204,0.251889185,0.280128472,0.223134809,0.45285508,0.437246732
Sanati University (NO2),0.124503093,0.153833742,0.406711395,0.271348959,0.219675559,0.343338973,0.218524514,0.157969771,0.706345335,0.47567781,-0.209203709,-0.139168534,0.143880106,0.406408072,0.429339199,0.351371948,0.72281999,0.388830013,0.237542232,0.386366534,0.436166098,0.325166519,0,0.464808648,0.29037091,0.20679905,0.178291432,0.004967276,0.366731636,0,0.107445622,0.043296765,0.39257648,0.056712001,0.343248013,0.372841489,0.377478828,0.343411821,0.39925767,0.382362363,0.412829656,0.407665429,0.320031075,0.387337447,0.492260081,0.370376348,0.390931326,0.366982784,0.410046276
Veldan (NO2),0.296408375,0.244488818,0.588205475,0.573761552,-0.022739165,0.422840163,0.263778352,0.272503287,0.585555504,0.666865634,-0.469265908,-0.691894243,0.474128871,0.562669276,0.587314112,0.54537195,0.362385406,0.56006297,0.570806341,0.835162643,0.727974358,0.745157581,0.464808648,0,0.174060827,0.125993415,-0.04653001,-0.212634008,-0.02495951,-0.178563645,-0.264155212,0.248450688,0.40755879,0.395808179,0.375978093,0.368710888,0.336294696,0.23613608,0.311652303,0.275690711,0.263501909,0.326384796,0.12213067,0.319663294,0.40757612,0.391331096,0.308984996,0.558455566,0.525898483
25th Aban (SO2),0.216825552,0.181625346,0.275516318,0.207014224,0.150407739,0.321623674,0.226793799,0.157429976,0.401691256,0.227260361,-0.307333059,-0.328919757,0.36556339,0.332112368,0.32247673,0.304784403,0.317608777,0.279876209,0.154006177,0.152813058,0.145941102,0.178946704,0.29037091,0.174060827,0,0.258153896,0.634870901,0.442627493,0.217383051,0.271744715,0.262514403,0.231252054,0.426304474,0.253120498,0.173033463,0.192256711,0.319108627,0.202197775,0.267759098,0.257969891,0.195824555,0.27654904,0.223346906,0.167776485,0.289325293,0.281289476,0.251549763,0.352024275,0.327502845
Enghelab (SO2),0.064196723,0.32854192,0.129384352,0.0516146,0.201009681,0.121542661,0.167045945,0.168610964,0.173453515,0.152732157,-0.005514858,0.051378517,0.104018571,0.201886549,0.160132298,0.074449447,0.169331415,0.21145983,0.094896449,0.077326991,0.066767107,0.054147712,0.20679905,0.125993415,0.258153896,0,0.229219285,0.220631612,0.495551451,0.086052736,0.504749749,0.575829064,0.363015939,0.360505812,0.150467819,0.143914767,0.132868323,0.086650077,0.153973094,0.123305471,0.131550156,0.080427393,0.11986827,0.114334277,0.199057499,0.183828615,0.146715985,0.196148886,0.117988285
Farshadi (SO2),0.136544514,0.198057899,0.159123374,0.156281694,0.236222112,0.259304013,0.23310968,0.167503518,0.351694041,0.174380406,-0.151012402,-0.217734701,0.250193411,0.161649848,0.218488765,0.160830234,0.30507237,0.122902998,0.133058381,-0.045787571,0.094502816,-0.029412333,0.178291432,-0.04653001,0.634870901,0.229219285,0,0.715541314,0.229339267,0.68379513,0.384567788,0.126608774,0.343174723,0.188676221,0.039252739,0.055074508,0.219408898,0.215829331,0.249160681,0.256815162,0.192708257,0.246269439,0.220710371,0.137641291,0.234065494,0.241198267,0.22948591,0.24294582,0.194729585
Feiz (SO2),0.00043265,0.156913372,0.069662771,0.062886759,0.296372398,0.246867171,0.28276265,0.138620223,0,0.079221709,-0.160464925,0,0.136895771,0.128185795,0.242848334,0.08267742,0.008124833,0.101517905,-0.150502566,-0.251417988,-0.029545147,-0.245420956,0.004967276,-0.212634008,0.442627493,0.220631612,0.715541314,0,0.320559354,0.48038061,0.487630747,0.011666144,0,0.08631213,0.058913195,-0.093498442,0.092328641,0.056544072,0.126711498,0.186741316,0.139019665,0.148668259,0.179621222,0.051330527,0.074770218,0.083681512,0.163721532,0.106557269,-0.053366511
Kave (SO2),0.020248563,0.266533468,0.217387106,0.079795621,0.368327441,0.239938038,0.08524898,0.114088212,0.342516392,0.190716492,-0.059965393,-0.027751447,-0.065037626,0.162045622,0.213616813,0.031476569,0.218459411,0.220117916,-0.058508122,-0.125802734,-0.037993065,-0.185120966,0.366731636,-0.02495951,0.217383051,0.495551451,0.229339267,0.320559354,0,0.230000806,0.542119057,0.43278543,0.327719969,0.115430917,0.249264529,0.325933152,0.139961243,0.058942008,0.137707196,0.146627482,0.213145996,0.089740334,0.177984531,0.064365705,0.316561847,0.261816445,0.206630779,0.232541552,0.277022505
Kerd abad (SO2),-0.093711932,0.334617187,0.032999912,0.080175162,-0.163016708,0.400793343,0.138441274,0.001620241,0,0.067584514,-0.198857859,0,0.127077845,0.239029778,0.303232657,0.254494962,0,0.240405483,0.256316627,-0.313338064,0.003545168,-0.194091599,0,-0.178563645,0.271744715,0.086052736,0.68379513,0.48038061,0.230000806,0,0.544597969,0.136589972,0,0.021148919,0,0,0.028922759,0.103217343,0.12238445,0.196388443,0.156166396,0.199111762,0.085958239,0.162118525,0.007449613,0.048257207,0.148025332,0,0
Mirza Taher (SO2),-0.158190519,0.038590384,-0.00231929,-0.076052967,0.192334934,0.187413259,0.07792333,-0.047673222,0.087778773,-0.043785449,0.035968645,0.310722576,-0.101245835,0.063949211,0.115260272,-0.017035745,0.226649925,0.123133422,-0.10613471,-0.358732508,-0.195829019,-0.34334699,0.107445622,-0.264155212,0.262514403,0.504749749,0.384567788,0.487630747,0.542119057,0.544597969,0,0.356026215,0.159799555,0.097578031,0.103274568,0.124360653,0.013240115,0.014202318,0.056201463,0.091528538,0.067624105,0.025020995,0.163546176,-0.004253606,0.18511674,0.150982408,0.118950691,0.074055145,0.043031481
Rehnan (SO2),0.014656258,0.261789355,0.16363932,0.178953444,0.000558797,0.195593192,0.214827857,0.255843007,0.083654141,0.2261889,-0.036237227,0.029286908,0.139986065,0.271824302,0.21477044,0.205440171,0.072345218,0.351385387,0.17259468,0.175000453,0.108264259,0.189665556,0.043296765,0.248450688,0.231252054,0.575829064,0.126608774,0.011666144,0.43278543,0.136589972,0.356026215,0,0.237342423,0.539868617,0.08107546,0.051075072,0.138140607,0.165907455,0.179117822,0.158044416,0.137265034,0.10293247,0.182060545,0.176807204,0.142038653,0.127649471,0.197846734,0.113878136,0.023578781
Sanati University (SO2),0.084537802,0.170297743,0.309784928,0,0.217377906,0.355357229,0.397774802,0.192807197,0.370107056,0.411504837,-0.23730491,-0.249257136,0.188727071,0.365690881,0.361033008,0.379183339,0.299575399,0.25691175,0.111066722,0.334600499,0.324287449,0.360166536,0.39257648,0.40755879,0.426304474,0.363015939,0.343174723,0,0.327719969,0,0.159799555,0.237342423,0,0.274335574,0.291375659,0.19220412,0.309280183,0.309091818,0.378029147,0.388092606,0.336449541,0.398277519,0.359179521,0.392046678,0.395603023,0.400265795,0.357191255,0.467869157,0.322647706
Veldan (SO2),-0.0306753,-0.031875824,0.203346313,0.223910757,-0.114037301,0.143183046,0.091314435,0.075063033,0.240940389,0.293275981,-0.065480665,-0.064556254,0.196616207,0.320903422,0.251981682,0.267106305,0.252504126,0.372371846,0.177845736,0.317388469,0.218652098,0.330178442,0.056712001,0.395808179,0.253120498,0.360505812,0.188676221,0.08631213,0.115430917,0.021148919,0.097578031,0.539868617,0.274335574,0,-0.039276627,-0.047399045,0.177442558,0.231945335,0.210716398,0.200330302,0.181384532,0.191835096,0.17269276,0.221912011,0.158563689,0.192667441,0.208832278,0.141044101,0.064239224
Zamzam Park (PM10),0.314408036,0.163501693,0.30885636,0.298678228,-0.039158307,0.366388389,0.109086873,0.154772192,0.339902735,0.339818284,-0.199156338,-0.161012637,0.196033653,0.359721583,0.325706668,0.348249294,0.271760588,0.383509385,0.229198809,0.308731301,0.404057513,0.295150145,0.343248013,0.375978093,0.173033463,0.150467819,0.039252739,0.058913195,0.249264529,0,0.103274568,0.08107546,0.291375659,-0.039276627,0,0.73051179,0.655195186,0.582455732,0.678748642,0.657000318,0.619614834,0.59847486,0.590218037,0.638926068,0.585789076,0.621003487,0.674761053,0.79954968,0.636385461
Zeynabiye (PM10),0.373748791,0.162995007,0.345382854,0.34038082,0.038919264,0.351799898,0.043765229,0.144544177,0.394406459,0.349034543,-0.197977855,-0.207905251,0.222824772,0.37535737,0.32260834,0.338517955,0.303265856,0.381001507,0.304157464,0.331867322,0.401528645,0.287889931,0.372841489,0.368710888,0.192256711,0.143914767,0.055074508,-0.093498442,0.325933152,0,0.124360653,0.051075072,0.19220412,-0.047399045,0.73051179,0,0.634742898,0.505863596,0.616248365,0.59044057,0.630641308,0.57351735,0.49613679,0.584676776,0.58092547,0.543289129,0.603573754,0.544082186,0.827603679
25th Aban (PM2.5),0.382204366,0.134129266,0.440850655,0.464965272,0.028523073,0.366122896,0.205875861,0.142927403,0.434260244,0.42065836,-0.307665676,-0.139570012,0.300857292,0.373254576,0.338904864,0.352633047,0.350540055,0.344848883,0.23134763,0.314099314,0.307764714,0.26502553,0.377478828,0.336294696,0.319108627,0.132868323,0.219408898,0.092328641,0.139961243,0.028922759,0.013240115,0.138140607,0.309280183,0.177442558,0.655195186,0.634742898,0,0.642661017,0.833126605,0.774438179,0.709715362,0.722296177,0.613054016,0.655166313,0.732583695,0.731676248,0.790464818,0.679380246,0.691930975
Enghelab (PM2.5),0.256765332,0.053841209,0.349293283,0.408001468,-0.099084171,0.288663252,0.122838861,0.061583251,0.423315673,0.353162399,-0.136547894,-0.067661947,0.228673167,0.340201357,0.294708048,0.331263717,0.384690459,0.319572117,0.217068747,0.227738778,0.230291893,0.211664939,0.343411821,0.23613608,0.202197775,0.086650077,0.215829331,0.056544072,0.058942008,0.103217343,0.014202318,0.165907455,0.309091818,0.231945335,0.582455732,0.505863596,0.642661017,0,0.695455982,0.68094652,0.688524868,0.644048082,0.711966586,0.676449458,0.638287574,0.695371635,0.632508566,0.578666862,0.538133912
Farshadi (PM2.5),0.299975782,0.143932761,0.433926807,0.454668116,0.012302801,0.404436961,0.213022762,0.120559586,0.460520884,0.415112713,-0.241253568,-0.177968828,0.237882998,0.420805843,0.369329109,0.400930602,0.366330694,0.362168191,0.218008572,0.293590145,0.322071573,0.269081175,0.39925767,0.311652303,0.267759098,0.153973094,0.249160681,0.126711498,0.137707196,0.12238445,0.056201463,0.179117822,0.378029147,0.210716398,0.678748642,0.616248365,0.833126605,0.695455982,0,0.847393109,0.706279704,0.760454634,0.657532943,0.677438861,0.744505407,0.779130563,0.780593449,0.747309424,0.696195284
Feiz (PM2.5),0.264607743,0.123155983,0.413395862,0.499115022,0.014923433,0.429471482,0.221466183,0.115515449,0.467518966,0.404664058,-0.252239749,-0.170162228,0.225189297,0.394572901,0.418719772,0.402802371,0.370688467,0.362972844,0.200028562,0.248985693,0.306893785,0.231639104,0.382362363,0.275690711,0.257969891,0.123305471,0.256815162,0.186741316,0.146627482,0.196388443,0.091528538,0.158044416,0.388092606,0.200330302,0.657000318,0.59044057,0.774438179,0.68094652,0.847393109,0,0.692025713,0.776705691,0.656564944,0.65933861,0.727623905,0.823182685,0.754274825,0.741851884,0.67694885
Kave (PM2.5),0.27815167,0.087494163,0.376667144,0.427285418,0.023420395,0.30346688,0.132284192,0.100895413,0.48373675,0.420166777,-0.173224626,-0.159614762,0.199316174,0.344954577,0.367324998,0.299512096,0.345948519,0.365168701,0.164356754,0.195379139,0.242728226,0.140524451,0.412829656,0.263501909,0.195824555,0.131550156,0.192708257,0.139019665,0.213145996,0.156166396,0.067624105,0.137265034,0.336449541,0.181384532,0.619614834,0.630641308,0.709715362,0.688524868,0.706279704,0.692025713,0,0.654145647,0.654996392,0.70786201,0.742081266,0.694083481,0.679373168,0.639475171,0.679347856
Kerd abad (PM2.5),0.285800925,0.08695967,0.433095245,0.497892961,0.006855731,0.512311029,0.242766331,0.125378193,0.506379939,0.431586036,-0.312253617,-0.275223684,0.280190984,0.436546726,0.428029645,0.517460948,0.407806793,0.391947586,0.228046156,0.303514228,0.334681581,0.322617924,0.407665429,0.326384796,0.27654904,0.080427393,0.246269439,0.148668259,0.089740334,0.199111762,0.025020995,0.10293247,0.398277519,0.191835096,0.59847486,0.57351735,0.722296177,0.644048082,0.760454634,0.776705691,0.654145647,0,0.585416799,0.60638436,0.670887263,0.742584488,0.699275396,0.693896422,0.701069812
Mirza Taher (PM2.5),0.19477286,0.041149451,0.294036976,0.288855821,-0.0548801,0.289569762,0.116390625,0.044583709,0.396742592,0.289402414,-0.102968097,-0.037475498,0.151810438,0.29573551,0.278667765,0.274753093,0.300453322,0.30809459,0.061860709,0.074722037,0.113059676,0.078042211,0.320031075,0.12213067,0.223346906,0.11986827,0.220710371,0.179621222,0.177984531,0.085958239,0.163546176,0.182060545,0.359179521,0.17269276,0.590218037,0.49613679,0.613054016,0.711966586,0.657532943,0.656564944,0.654996392,0.585416799,0,0.659683321,0.638062505,0.658636005,0.642132615,0.583288179,0.504824904
Rehnan (PM2.5),0.259288364,0.038358169,0.354938147,0.378285355,-0.109337549,0.316404579,0.116471439,0.097543246,0.476075574,0.403829725,-0.185185506,-0.179972222,0.243344595,0.405739091,0.34009717,0.343008045,0.354573345,0.381370533,0.225436286,0.255142556,0.268907378,0.248091204,0.387337447,0.319663294,0.167776485,0.114334277,0.137641291,0.051330527,0.064365705,0.162118525,-0.004253606,0.176807204,0.392046678,0.221912011,0.638926068,0.584676776,0.655166313,0.676449458,0.677438861,0.65933861,0.70786201,0.60638436,0.659683321,0,0.703134911,0.696290277,0.658641357,0.665290999,0.619980583
Sanati University (PM2.5),0.148795389,0.062302457,0.332773954,0.154441801,0.062483199,0.286791925,0.121195041,0.040460582,0.636778993,0.382601429,-0.145094565,-0.110550896,0.148946493,0.373658306,0.359563669,0.334018165,0.442324427,0.394261571,0.250939398,0.293517421,0.346201893,0.251889185,0.492260081,0.40757612,0.289325293,0.199057499,0.234065494,0.074770218,0.316561847,0.007449613,0.18511674,0.142038653,0.395603023,0.158563689,0.585789076,0.58092547,0.732583695,0.638287574,0.744505407,0.727623905,0.742081266,0.670887263,0.638062505,0.703134911,0,0.738787153,0.747127351,0.664137814,0.655933933
SepahanShahr (PM2.5),0.140549426,0.04376363,0.328072324,0.263502456,0.047466693,0.327578263,0.149116951,0.033959,0.47985714,0.359325827,-0.169152714,-0.147592545,0.157354247,0.365491223,0.362522032,0.361702003,0.356113616,0.369332902,0.222175322,0.296753059,0.352845421,0.280128472,0.370376348,0.391331096,0.281289476,0.183828615,0.241198267,0.083681512,0.261816445,0.048257207,0.150982408,0.127649471,0.400265795,0.192667441,0.621003487,0.543289129,0.731676248,0.695371635,0.779130563,0.823182685,0.694083481,0.742584488,0.658636005,0.696290277,0.738787153,0,0.735519388,0.73238731,0.631381297
Veldan (PM2.5),0.306419743,0.174672809,0.45385846,0.436391057,0.076480841,0.421810746,0.270117564,0.179677692,0.481006797,0.476450783,-0.267340248,-0.210157915,0.234388898,0.368796712,0.379114127,0.375545279,0.372450818,0.405348387,0.203950577,0.252848301,0.292035976,0.223134809,0.390931326,0.308984996,0.251549763,0.146715985,0.22948591,0.163721532,0.206630779,0.148025332,0.118950691,0.197846734,0.357191255,0.208832278,0.674761053,0.603573754,0.790464818,0.632508566,0.780593449,0.754274825,0.679373168,0.699275396,0.642132615,0.658641357,0.747127351,0.735519388,0,0.732195151,0.680299443
Zamzam Park (PM2.5),0.141716773,0.164999406,0.451676374,0.335507579,0.084666204,0.462722164,0.29142867,0.13181276,0.470478054,0.501153668,-0.383218443,-0.414825621,0.265855384,0.493778876,0.506791706,0.505177708,0.322500232,0.434473925,0.225747059,0.455451824,0.492097875,0.45285508,0.366982784,0.558455566,0.352024275,0.196148886,0.24294582,0.106557269,0.232541552,0,0.074055145,0.113878136,0.467869157,0.141044101,0.79954968,0.544082186,0.679380246,0.578666862,0.747309424,0.741851884,0.639475171,0.693896422,0.583288179,0.665290999,0.664137814,0.73238731,0.732195151,0,0.722989057
Zeynabiye (PM2.5),0.214553207,0.137901605,0.470228968,0.391388218,0.079542955,0.466137596,0.210629026,0.094676289,0.486043922,0.477911332,-0.39128056,-0.433542449,0.266601735,0.490435325,0.482293634,0.502234841,0.351684927,0.447656205,0.308820829,0.465618744,0.494761687,0.437246732,0.410046276,0.525898483,0.327502845,0.117988285,0.194729585,-0.053366511,0.277022505,0,0.043031481,0.023578781,0.322647706,0.064239224,0.636385461,0.827603679,0.691930975,0.538133912,0.696195284,0.67694885,0.679347856,0.701069812,0.504824904,0.619980583,0.655933933,0.631381297,0.680299443,0.722989057,0
,,,,,,,,,,,,,,,,,,,,,,,,,,,,,,,,,,,,,,,,,,,,,,,,,
relevant 1,25th Aban (NO),Rehnan (CO),Feiz (CO),Farshadi (CO),Enghelab (CO),Kerd abad (NO),Rehnan (CO),Mirza Taher (CO),Sanati University (NO),Farshadi (CO),Farshadi (O3),25th Aban (O3),Farshadi (NO),Veldan (NO),Farshadi (NO),Kerd abad (CO),Sanati University (NO2),Farshadi (NO),Farshadi (NO2),Veldan (NO2),Veldan (NO2),Farshadi (NO2),Sanati University (NO),Farshadi (NO2),Farshadi (SO2),Rehnan (SO2),Feiz (SO2),Farshadi (SO2),Mirza Taher (SO2),Farshadi (SO2),Kerd abad (SO2),Enghelab (SO2),Zamzam Park (PM2.5),Rehnan (SO2),Zamzam Park (PM2.5),Zeynabiye (PM2.5),Farshadi (PM2.5),Mirza Taher (PM2.5),Feiz (PM2.5),Farshadi (PM2.5),Sanati University (PM2.5),Feiz (PM2.5),Enghelab (PM2.5),Kave (PM2.5),Veldan (PM2.5),Feiz (PM2.5),25th Aban (PM2.5),Zamzam Park (PM10),Zeynabiye (PM10)
relevant 2,Feiz (CO),Farshadi (CO),Veldan (CO),Veldan (CO),Kave (SO2),Farshadi (CO),Farshadi (O3),Enghelab (CO),Sanati University (NO2),Feiz (CO),25th Aban (NO),Farshadi (NO2),Farshadi (O3),Feiz (NO),Veldan (NO),Farshadi (NO),Sanati University (CO),Feiz (NO),Veldan (NO2),Kerd abad (NO2),Farshadi (NO2),Veldan (NO2),Sanati University (CO),Kerd abad (NO2),Feiz (SO2),Mirza Taher (SO2),Kerd abad (SO2),Mirza Taher (SO2),Enghelab (SO2),Mirza Taher (SO2),Kave (SO2),Veldan (SO2),25th Aban (SO2),Veldan (NO2),Zeynabiye (PM10),Zamzam Park (PM10),Veldan (PM2.5),Farshadi (PM2.5),25th Aban (PM2.5),SepahanShahr (PM2.5),25th Aban (PM2.5),Farshadi (PM2.5),Rehnan (PM2.5),Sanati University (PM2.5),Farshadi (PM2.5),Farshadi (PM2.5),Farshadi (PM2.5),Farshadi (PM2.5),Zamzam Park (PM2.5)
relevant 3,Farshadi (CO),Mirza Taher (CO),Farshadi (O3),Feiz (NO),Feiz (SO2),Farshadi (O3),Feiz (CO),25th Aban (CO),Sanati University (PM2.5),Farshadi (O3),Farshadi (NO),Farshadi (CO),25th Aban (O3),Kerd abad (NO),Feiz (CO),Feiz (NO),Sanati University (PM2.5),Kerd abad (NO),25th Aban (NO),Farshadi (O3),Kerd abad (NO2),Farshadi (O3),Sanati University (PM2.5),Feiz (NO2),Sanati University (SO2),Kave (SO2),25th Aban (SO2),Kerd abad (SO2),Rehnan (SO2),Feiz (SO2),Enghelab (SO2),Kave (SO2),Veldan (CO),Veldan (NO),Farshadi (PM2.5),25th Aban (PM2.5),Feiz (PM2.5),SepahanShahr (PM2.5),Veldan (PM2.5),Kerd abad (PM2.5),Rehnan (PM2.5),SepahanShahr (PM2.5),SepahanShahr (PM2.5),SepahanShahr (PM2.5),Kave (PM2.5),Kerd abad (PM2.5),Feiz (PM2.5),Feiz (PM2.5),Kerd abad (PM2.5)
relevant 4,Veldan (CO),Farshadi (O3),Kerd abad (CO),Kerd abad (CO),Rehnan (CO),Feiz (CO),Veldan (CO),Veldan (CO),Veldan (CO),Veldan (NO),Kerd abad (CO),Veldan (CO),25th Aban (CO),Farshadi (O3),Kerd abad (NO),Veldan (NO),Kerd abad (PM2.5),Veldan (CO),Feiz (NO2),Feiz (NO2),Feiz (CO),Feiz (NO2),Veldan (CO),Farshadi (O3),Sanati University (CO),Sanati University (SO2),Mirza Taher (SO2),25th Aban (SO2),Kave (CO),Kerd abad (CO),Feiz (SO2),Mirza Taher (SO2),Veldan (NO2),Enghelab (SO2),Veldan (PM2.5),Kave (PM2.5),Sanati University (PM2.5),Kave (PM2.5),SepahanShahr (PM2.5),25th Aban (PM2.5),Farshadi (PM2.5),25th Aban (PM2.5),Farshadi (PM2.5),Farshadi (PM2.5),SepahanShahr (PM2.5),Sanati University (PM2.5),Sanati University (PM2.5),SepahanShahr (PM2.5),Farshadi (PM2.5)
relevant 5,Rehnan (CO),Feiz (CO),Feiz (NO),Feiz (NO2),Mirza Taher (CO),Feiz (NO),Enghelab (CO),Feiz (CO),Veldan (NO2),Veldan (NO2),Feiz (NO),Farshadi (NO),Farshadi (NO2),25th Aban (NO),Farshadi (O3),Farshadi (O3),Farshadi (NO),Farshadi (CO),Kerd abad (NO2),25th Aban (NO2),Farshadi (O3),Kerd abad (NO),Veldan (NO2),Veldan (CO),25th Aban (NO),Veldan (SO2),Sanati University (CO),Kave (SO2),Sanati University (NO2),Enghelab (CO),Farshadi (SO2),Veldan (NO),SepahanShahr (PM2.5),Kerd abad (NO2),Feiz (PM2.5),Farshadi (PM2.5),SepahanShahr (PM2.5),Feiz (PM2.5),Kerd abad (PM2.5),Veldan (PM2.5),SepahanShahr (PM2.5),Zeynabiye (PM2.5),Feiz (PM2.5),Enghelab (PM2.5),25th Aban (PM2.5),Veldan (PM2.5),SepahanShahr (PM2.5),Veldan (PM2.5),25th Aban (PM2.5)
,25th Aban (NO),Rehnan (CO),Feiz (CO),Feiz (NO),Feiz (SO2),Kerd abad (NO),Rehnan (CO),Mirza Taher (CO),Sanati University (NO),Farshadi (CO),Farshadi (O3),25th Aban (O3),Farshadi (NO),Veldan (NO),Farshadi (NO),Farshadi (NO),Sanati University (CO),Farshadi (NO),Farshadi (NO2),Veldan (NO2),Veldan (NO2),Farshadi (NO2),Sanati University (NO),Farshadi (NO2),Kerd abad (SO2),Kerd abad (SO2),Feiz (SO2),Farshadi (SO2),Mirza Taher (SO2),Feiz (SO2),Feiz (SO2),Enghelab (SO2),Sanati University (NO),Feiz (SO2),Zamzam Park (PM2.5),Zeynabiye (PM2.5),Farshadi (PM2.5),Mirza Taher (PM2.5),Feiz (PM2.5),Farshadi (PM2.5),Sanati University (PM2.5),Feiz (PM2.5),Enghelab (PM2.5),Kave (PM2.5),Farshadi (PM2.5),Feiz (PM2.5),25th Aban (PM2.5),Zamzam Park (PM10),Zeynabiye (PM10)
,Feiz (CO),Mirza Taher (CO),Veldan (CO),Farshadi (CO),Enghelab (CO),Farshadi (CO),Farshadi (O3),Enghelab (CO),Sanati University (NO2),Feiz (CO),25th Aban (NO),Farshadi (NO2),Veldan (NO),Feiz (NO),Veldan (NO),Kerd abad (NO2),Sanati University (NO2),Feiz (NO),25th Aban (NO),Feiz (NO2),Farshadi (NO2),Kerd abad (NO),Sanati University (CO),Feiz (NO2),Farshadi (SO2),Rehnan (SO2),Kerd abad (SO2),Kerd abad (SO2),Enghelab (SO2),Farshadi (SO2),Kerd abad (SO2),Veldan (SO2),Veldan (SO2),Kerd abad (SO2),Zeynabiye (PM10),Zamzam Park (PM10),Veldan (PM2.5),SepahanShahr (PM2.5),25th Aban (PM2.5),Kerd abad (PM2.5),Farshadi (PM2.5),Farshadi (PM2.5),Rehnan (PM2.5),SepahanShahr (PM2.5),Veldan (PM2.5),Farshadi (PM2.5),Farshadi (PM2.5),Veldan (PM2.5),Zamzam Park (PM2.5)
,Farshadi (CO),Farshadi (CO),Farshadi (NO),Veldan (CO),Kave (SO2),Feiz (CO),Veldan (CO),Veldan (CO),Sanati University (PM2.5),Veldan (NO),Farshadi (NO),Farshadi (NO),Feiz (NO),25th Aban (NO),Feiz (CO),Feiz (NO),Sanati University (SO2),25th Aban (NO),Veldan (NO2),Kerd abad (NO2),Feiz (NO),Veldan (NO2),Sanati University (PM2.5),Kerd abad (NO2),Feiz (SO2),Mirza Taher (SO2),25th Aban (SO2),Veldan (SO2),Rehnan (SO2),Veldan (SO2),Enghelab (SO2),Mirza Taher (SO2),Sanati University (CO),Rehnan (SO2),Farshadi (PM2.5),25th Aban (PM2.5),Feiz (PM2.5),Farshadi (PM2.5),Veldan (PM2.5),25th Aban (PM2.5),25th Aban (PM2.5),25th Aban (PM2.5),SepahanShahr (PM2.5),Zamzam Park (PM2.5),SepahanShahr (PM2.5),Kerd abad (PM2.5),Feiz (PM2.5),Farshadi (PM2.5),Farshadi (PM2.5)
,Farshadi (NO),Feiz (CO),Farshadi (O3),Feiz (NO2),Kerd abad (SO2),Farshadi (O3),Feiz (CO),25th Aban (CO),Veldan (CO),Veldan (NO2),Feiz (NO),Farshadi (CO),Farshadi (NO2),Kerd abad (NO),25th Aban (NO),Kerd abad (CO),Veldan (NO),Veldan (NO2),Feiz (NO2),Farshadi (NO),Kerd abad (NO2),Feiz (NO2),Veldan (NO),Veldan (NO),Veldan (SO2),Kave (SO2),Veldan (SO2),25th Aban (SO2),Feiz (SO2),25th Aban (SO2),Kave (SO2),Kerd abad (SO2),25th Aban (SO2),Sanati University (SO2),Veldan (PM2.5),Kave (PM2.5),Kerd abad (PM2.5),Feiz (PM2.5),Kerd abad (PM2.5),SepahanShahr (PM2.5),Rehnan (PM2.5),Veldan (PM2.5),Kave (PM2.5),Sanati University (PM2.5),Feiz (PM2.5),Veldan (PM2.5),Kerd abad (PM2.5),Feiz (PM2.5),25th Aban (PM2.5)
,Veldan (CO),Veldan (CO),Kerd abad (CO),Kerd abad (CO),Sanati University (NO),Veldan (CO),Enghelab (CO),Feiz (CO),Veldan (NO2),Farshadi (O3),Kerd abad (CO),Feiz (NO),25th Aban (NO2),Farshadi (NO2),Kerd abad (NO),Veldan (NO),Veldan (SO2),Kerd abad (NO),Farshadi (NO),Farshadi (O3),Farshadi (NO),Kerd abad (SO2),Veldan (NO2),Feiz (NO),Sanati University (SO2),Feiz (SO2),Mirza Taher (SO2),Mirza Taher (SO2),Kave (CO),Farshadi (NO),Farshadi (SO2),Kave (SO2),Mirza Taher (CO),Farshadi (SO2),Zeynabiye (PM2.5),Farshadi (PM2.5),SepahanShahr (PM2.5),Kave (PM2.5),SepahanShahr (PM2.5),Veldan (PM2.5),Feiz (PM2.5),SepahanShahr (PM2.5),Feiz (PM2.5),Enghelab (PM2.5),25th Aban (PM2.5),25th Aban (PM2.5),SepahanShahr (PM2.5),Zeynabiye (PM2.5),Kerd abad (PM2.5)
,,,,,,,,,,,,,,,,,,,,,,,,,,,,,,,,,,,,,,,,,,,,,,,,,
